Parameters:4520022025x:[4, 4, 8, 8, 12, 16, 24, 32, 44, 60, 80, 108, 144, 196, 264, 352, 476, 644, 864, 1168, 1576, 2124, 2860, 3856, 5200]y:[0.22954158740517533, 0.26183256526786053, 0.23664595189183127, 0.1731110509046269, 0.14556726532520767, 0.14380523894103386, 0.18987026031097393, 0.11666411020110028, 0.1234659669237691, 0.1196569441059806, 0.08558422404112805, 0.10384340976554465, 0.061429090379923224, 0.09939510493823663, 0.07198633511632746, 0.07840086501826665, 0.07041433437681983, 0.06780430499613789, 0.06521060493269536, 0.06710129958477426, 0.060098403069741346, 0.04863277270377446, 0.04380783815611219, 0.06343058643954728, 0.04940941836735232]var:[0.02089351901446348, 0.01889865742064121, 0.020401545338269787, 0.00956223222990284, 0.00978563827943826, 0.008962577905534322, 0.018924225136847855, 0.005895830129163471, 0.006605956532865445, 0.00618872474020001, 0.001837481179246542, 0.003835547469853262, 0.00045858591169400026, 0.005841985767547543, 0.0011955529400787665, 0.002304104763006834, 0.002140563682937488, 0.00089535630401384, 0.001439223633297743, 0.001588720891421003, 0.0013298867484492919, 0.0015599577726022743, 0.0006455226493410388, 0.0023286375075018354, 0.0014477289081928242]

Parameters:4520022025
x:[4, 4, 8, 8, 12, 16, 24, 32, 44, 60, 80, 108, 144, 196, 264, 352, 476, 644, 864, 1168, 1576, 2124, 2860, 3856, 5200]
y:[0.2374242420805243, 0.24111310933743318, 0.22340004505078737, 0.15270132317360302, 0.13476783503102122, 0.16403120442783375, 0.18420352608592855, 0.14264604175186868, 0.12404591537037198, 0.10551771230035253, 0.10595078938155936, 0.11177391034130532, 0.09492362193694343, 0.07787289386872727, 0.08003665167785225, 0.09009498769622618, 0.10265577608253126, 0.07699814580424845, 0.0953762836456796, 0.07429618895975068, 0.06678526199635686, 0.039296865681989326, 0.046216949911854974, 0.043813602485859894, 0.04654772528206757]
var:[0.01619395738296515, 0.04363794836440376, 0.01324336595525269, 0.007707440649395392, 0.009713804441029877, 0.012820001118571497, 0.013725915198277096, 0.008177368246651462, 0.006852097356000387, 0.003826872096849824, 0.007056479856647817, 0.009357989159950321, 0.004437432902164274, 0.002050967857665967, 0.00508390526047979, 0.003971186511207834, 0.004750223230568208, 0.005350172148493092, 0.0040882335465059465, 0.003063896694552531, 0.0020248575679614193, 0.00044936853788080897, 0.0006366503526855365, 0.0006078405035146271, 0.0004960974604469754]
maxlist:[0.4624071396348678, 0.619219408611148, 0.43165259018580726, 0.37617157905182874, 0.364594629763273, 0.45544734222055994, 0.4051570188255935, 0.3414599707770864, 0.3884291725928751, 0.29471801694655614, 0.36863097005135154, 0.3601922988274304, 0.2650780734913972, 0.22966984463404316, 0.35924164670790704, 0.2980480318088219, 0.2572594269829859, 0.36855185062150103, 0.24130588312647375, 0.23400265866583903, 0.20442462077334905, 0.09845993083931198, 0.10365052818403711, 0.13291324785790506, 0.10490940544505448]

Parameters:4520022025x:[4, 4, 8, 8, 12, 16, 24, 32, 44, 60, 80, 108, 144, 196, 264, 352, 476, 644, 864, 1168, 1576, 2124, 2860, 3856, 5200]
y:[0.21097065366892792, 0.2219907902911832, 0.1661085181981197, 0.19701666296880002, 0.13736068314711752, 0.143481185124777, 0.15800421714779667, 0.1283467869376654, 0.13250715512619557, 0.09970427629391496, 0.12296205331378066, 0.09553825286768498, 0.10427708880099906, 0.0754816037110452, 0.08520420767312561, 0.09169484070350623, 0.09220313936029265, 0.09409204938076653, 0.06256410076372534, 0.07723296608144062, 0.061692550953537276, 0.055304235742799156, 0.0484728101906848, 0.06294752269112545, 0.04749057997124591]
var:[0.02386257094539781, 0.02246333759586615, 0.0061787510843593785, 0.012561365599897886, 0.011219655072993311, 0.005025282886075664, 0.009778678353450964, 0.010860192673020934, 0.005709990113541977, 0.003918504873540025, 0.010241417076021319, 0.006378808388886743, 0.004282349458754512, 0.0018497587378744746, 0.0019122573158249832, 0.003259231761437356, 0.006269522299901844, 0.003068109015671877, 0.0011438860364127573, 0.0019905325029952077, 0.0018092494007677948, 0.001189206084209223, 0.0005744577314869236, 0.003486113435201792, 0.0007498103692201182]
maxlist:[0.47272019295941725, 0.5163098616500861, 0.35407181574541363, 0.5204930949047601, 0.45668585121876626, 0.29331215868502813, 0.3829573345939712, 0.42911709474434073, 0.362007980142773, 0.26431008554786556, 0.39039918793123873, 0.3612764863263204, 0.29848844768285515, 0.1925183291951287, 0.19867099165136345, 0.27030830218815916, 0.35170338768148723, 0.1995759537640895, 0.13895472415025686, 0.18920175032546618, 0.21302305086500906, 0.14840479898706543, 0.09515567769670964, 0.24772194328431515, 0.12021640310060543]
