Parameters:4243203
x:[4, 9, 24]
y:[0.1164468446482348, 0.03901994802039811, 0.07781269005145043]
var:[0.022346484914298626, 0.002037970100371196, 0.006151405653268414]
maxlist:[0.514208776273366, 0.1816795357945581, 0.2854756849824833]

Parameters:4250022020
x:[4, 5, 7, 11, 15, 21, 30, 42, 60, 84, 118, 166, 233, 327, 459, 644, 904, 1269, 1781, 2499]
y:[0.6510053784378764, 0.30853100430144276, 0.24233960260579046, 0.26240241645268203, 0.1902931675646473, 0.3142618917272112, 0.14744901955276052, 0.14077665429755276, 0.1611648508160447, 0.11552889082586255, 0.09880109511866533, 0.1362517568042517, 0.061709542426845274, 0.12327145414212404, 0.06874620559351974, 0.04899816221455159, 0.065567341782303, 0.05760760870583468, 0.07307796166584947, 0.07834167078863134]
var:[0.7590407205853191, 0.24045202147749126, 0.1182733326679264, 0.23523394420709542, 0.04539925635888058, 0.13470752323671842, 0.06175515142479399, 0.028733042541053445, 0.04735201830327524, 0.016365149081197256, 0.011456674326122624, 0.03586517909443723, 0.004351934816499212, 0.03195301522699234, 0.010156124749206817, 0.006324663702914572, 0.007083782558995896, 0.0037531506688258326, 0.005690941483729102, 0.010030053495582426]
maxlist:[3.3395306996195258, 1.877417545791855, 1.3647776998812975, 2.1393422677022595, 0.658088272140741, 1.2086081945151448, 0.8934531094826066, 0.4934088577594428, 0.7720433912180539, 0.425367296576979, 0.36784884568331955, 0.6406683273917847, 0.2717576356692793, 0.7573651546006194, 0.3617782760338126, 0.2822803498254873, 0.3102005073678821, 0.20240897264337324, 0.23853297349504407, 0.3355932572895699]

Parameters:4250022020
x:[4, 5, 7, 11, 15, 21, 30, 42, 60, 84, 118, 166, 233, 327, 459, 644, 904, 1269, 1781, 2499]
y:[0.4562143178006927, 0.4175431803241213, 0.16864816009125405, 0.29481667569054204, 0.2802736174205455, 0.14584246866645761, 0.15642996147923233, 0.1437736926494713, 0.11730858934894255, 0.14524983800873448, 0.11162571096989571, 0.07672608164552609, 0.11942413083563766, 0.08651508638873054, 0.06748058176539522, 0.10576074753289495, 0.05879587870594638, 0.053797959014806274, 0.08015923784682699, 0.09198125188947606]
var:[0.41928474498856366, 0.25163110949839157, 0.05534668374648961, 0.140841277789299, 0.0732689582191092, 0.028772625842953974, 0.044841319307308794, 0.03149667820099162, 0.025683224964488688, 0.03550222758750769, 0.020142362233303474, 0.008610452779187127, 0.03335867458390924, 0.019423168545323517, 0.015613533155733774, 0.02286292948978737, 0.002820985971631935, 0.005100091225854702, 0.0061557399239330814, 0.018715799576211296]
maxlist:[2.3095339476615053, 1.7188414003645132, 0.8887510428212683, 1.5914397664202182, 1.1093799417902952, 0.5845717320090178, 0.8391069791343305, 0.6141833450241212, 0.5308976174791402, 0.6904255581049529, 0.5473356142780065, 0.3701872591462078, 0.7074242169400419, 0.5930191034759277, 0.5725806967974251, 0.6257650586519313, 0.19302824211252903, 0.23450411307058605, 0.34570078300493046, 0.5307066431840028]

Parameters:4250022020
x:[4, 5, 7, 11, 15, 21, 30, 42, 60, 84, 118, 166, 233, 327, 459, 644, 904, 1269, 1781, 2499]
y:[0.38553003785188233, 0.3351358726032744, 0.4055320484618674, 0.11459493587365768, 0.2195267422986053, 0.12105774286417728, 0.16724667813007602, 0.10619519423358044, 0.13487215798276142, 0.0783593908091454, 0.0826323597931347, 0.04775019707344749, 0.03741314795349217, 0.07748642376193596, 0.055556836374845854, 0.05221542416566528, 0.06007240905711281, 0.07069360089499119, 0.06665363360851274, 0.04687285034320024]
var:[0.21597295746387327, 0.3595660019445466, 0.6175460671058729, 0.027357285562353117, 0.18737171587907006, 0.033812421956228016, 0.0586979734605965, 0.026297566880802273, 0.030992634146390568, 0.006370974520553308, 0.006316202214547213, 0.008263504182660105, 0.0035002263935370774, 0.015031912278856217, 0.010913982979303788, 0.003061860107511895, 0.005756642517091606, 0.0034962095175167657, 0.009382474434587626, 0.0017938461903194282]
maxlist:[1.6861502293118336, 1.9867315504415213, 3.474525811044309, 0.7249805564084824, 1.9263539047658862, 0.766136572963182, 0.8833673435823218, 0.6580746205485073, 0.5555341952014905, 0.25643625790669405, 0.300805828248023, 0.3458755599704024, 0.2385921169065411, 0.5370028272368016, 0.47532749809257246, 0.14452990723294348, 0.2860253977019265, 0.21418239584287752, 0.4038459019618512, 0.12645758004982832]
